@ NAME             %08s "TRACKONE"
@ TYPE             %08s "TRACKONE"
@ TITLE            %52s "V6.5: new IR3/7, moved Q3 in IR1/2/5/8 -  March 2004"
@ ORIGIN           %19s "MAD-X 5.00.00 Linux"
@ DATE             %08s "08/11/17"
@ TIME             %08s "21.10.36"
*     NUMBER       TURN                  X                 PX                  Y                 PY                  T                 PT                  S                  E 
$         %d         %d                %le                %le                %le                %le                %le                %le                %le                %le 
#segment       1       6       1       0 start                                           
          1          0            -0.0018   -2.333333333e-05                  0                  0                  0                  0                  0                450
#segment       2       6       1   12003 BPM.23L1.B1                                     
          1          1    0.0001339660551    2.276187138e-05    1.149757676e-19    1.476446237e-21                  0                  0         24181.2829                450
#segment       3       6       1   12033 BPM.22L1.B1                                     
          1          1     0.001619281663    2.807097544e-05    3.517839672e-20   -1.654747706e-21                  0                  0        24234.73141                450
#segment       4       6       1   12059 BPM.21L1.B1                                     
          1          1    0.0007565740829   -1.855530349e-05   -9.350086771e-21   -7.888706734e-22                  0                  0        24288.17993                450
#segment       5       6       1   12089 BPM.20L1.B1                                     
          1          1    0.0007315854835    5.122613217e-07    -3.61493795e-20   -4.854686275e-22                  0                  0        24341.62844                450
#segment       6       6       1   12115 BPM.19L1.B1                                     
          1          1   -0.0002618946069   -1.962436884e-05   -1.157913093e-19   -1.545253831e-21                  0                  0        24395.07696                450
#segment       7       6       1   12145 BPM.18L1.B1                                     
          1          1    -0.001742984911   -2.815759333e-05   -3.833145071e-20     1.61240372e-21                  0                  0        24448.52547                450
#segment       8       6       1   12171 BPM.17L1.B1                                     
          1          1   -0.0007122905177    2.187357349e-05    -7.49567922e-22     6.54089141e-22                  0                  0        24501.97399                450
#segment       9       6       1   12201 BPM.16L1.B1                                     
          1          1   -0.0004368654547    4.248885297e-06    3.280599891e-20    6.261071684e-22                  0                  0        24555.42251                450
#segment      10       6       1   12227 BPM.15L1.B1                                     
          1          1    0.0003823352834    1.592578249e-05    1.157259298e-19    1.602305388e-21                  0                  0        24608.87102                450
#segment      11       6       1   12257 BPM.14L1.B1                                     
          1          1     0.001816854167    2.743915246e-05    4.119288533e-20   -1.557792832e-21                  0                  0        24662.31954                450
#segment      12       6       1   12285 BPM.13L1.B1                                     
          1          1    0.0006476417275   -2.456645227e-05    1.084352003e-20   -5.143314059e-22                  0                  0        24715.76805                450
#segment      13       6       1   12315 BPM.12L1.B1                                     
          1          1    0.0001809649844   -7.912643776e-06    -2.99828222e-20   -7.765534824e-22                  0                  0        24769.21657                450
#segment      14       6       1   12343 BPM.11L1.B1                                     
          1          1   -0.0004624009178    -1.22576057e-05    -1.17258764e-19   -1.680260498e-21                  0                  0        24822.66509                450
#segment      15       6       1   12367 BPM.10L1.B1                                     
          1          1    -0.001850745696   -2.709144159e-05   -3.010668114e-20    1.835185946e-21                  0                  0         24875.4458                450
#segment      16       6       1   12385 BPM.9L1.B1                                      
          1          1   -0.0005308915061    3.910680694e-05    9.811198573e-21    9.531947604e-22                  0                  0        24914.51081                450
#segment      17       6       1   12405 BPM.8L1.B1                                      
          1          1    0.0005033657462    2.422588277e-05    3.055837763e-20    4.633761855e-22                  0                  0        24954.97382                450
#segment      18       6       1   12425 BPMR.7L1.B1                                     
          1          1    0.0007858462584    5.714824615e-06    8.723254067e-20    1.538899117e-21                  0                  0        24994.03983                450
#segment      19       6       1   12439 BPM.6L1.B1                                      
          1          1     0.001800518994   -1.553472642e-05    5.973803837e-20     4.65513096e-22                  0                  0        25037.22383                450
#segment      20       6       1   12445 BPMR.5L1.B1                                     
          1          1     0.001425749507    2.293364905e-05    6.830964758e-20   -1.521675023e-21                  0                  0        25069.12383                450
#segment      21       6       1   12449 BPMYA.4L1.B1                                    
          1          1     0.001910062307    2.293364905e-05    3.617491444e-20   -1.521675023e-21                  0                  0        25090.24183                450
#segment      22       6       1   12461 BPMWB.4L1.B1                                    
          1          1      0.00178079741   -1.033093222e-05    1.423614928e-20   -9.692097249e-22                  0                  0        25111.37433                450
#segment      23       6       1   12487 BPMSY.4L1.B1                                    
          1          1    0.0008222935201   -1.033093222e-05   -7.568707904e-20   -9.692058234e-22                  0                  0        25204.15433                450
#segment      24       6       1   12513 BPMS.2L1.B1                                     
          1          1    0.0007464741064   -5.599890577e-05   -5.526393722e-20   -1.758412768e-21                  0                  0        25230.93983                450
#segment      25       6       1   12520 BPMSW.1L1.B1                                    
          1          1    0.0003129228311   -2.994763599e-05   -5.733029517e-20    1.584762169e-21                  0                  0        25240.99383                450
#segment      26       6       1   12533 BPMSW.1R1.B1                                    
          1          1   -0.0009733281349   -2.994763599e-05       1.073524e-20    1.584762169e-21                  0                  0        25283.94383                450
#segment      27       6       1   12540 BPMS.2R1.B1                                     
          1          1   -0.0009653218511    2.755904013e-05    3.189534125e-20    2.626370288e-21                  0                  0        25293.99783                450
#segment      28       6       1   12566 BPMSY.4R1.B1                                    
          1          1    -0.001412179039    1.577916546e-05    4.039123523e-20    7.195633965e-22                  0                  0        25320.78333                450
#segment      29       6       1   12590 BPMWB.4R1.B1                                    
          1          1    5.181193058e-05    1.577916546e-05    1.071520814e-19    7.195602578e-22                  0                  0        25413.56333                450
#segment      30       6       1   12602 BPMYA.4R1.B1                                    
          1          1     0.000400733341    2.167812641e-05    1.169193243e-19   -1.312525044e-21                  0                  0        25434.69583                450
#segment      31       6       1   12610 BPM.5R1.B1                                      
          1          1    0.0009161384625   -3.517396069e-06    8.855442894e-20    1.105068067e-21                  0                  0        25462.10383                450
#segment      32       6       1   12616 BPMR.6R1.B1                                     
          1          1     0.000868020203    1.695982619e-05    1.146473278e-19   -1.801799372e-21                  0                  0        25494.00383                450
#segment      33       6       1   12620 BPM_A.7R1.B1                                    
          1          1     0.001338214424    1.695982619e-05    6.469424202e-20   -1.801799372e-21                  0                  0        25521.72783                450
#segment      34       6       1   12642 BPM.8R1.B1                                      
          1          1    0.0006357004742   -2.090355388e-05    5.083108356e-20   -1.666555673e-22                  0                  0        25563.16682                450
#segment      35       6       1   12660 BPM.9R1.B1                                      
          1          1    0.0005103687998   -1.679437864e-06   -1.350950077e-20   -1.774798515e-21                  0                  0        25602.23381                450
#segment      36       6       1   12680 BPM.10R1.B1                                     
          1          1   -0.0002377276725    -2.02365921e-05    -1.14715641e-19   -2.585788049e-21                  0                  0         25642.6988                450
#segment      37       6       1   12700 BPM.11R1.B1                                     
          1          1    -0.001845517483   -3.114129211e-05   -4.201536152e-20    1.629115615e-21                  0                  0        25695.48149                450
#segment      38       6       1   12732 BPM.12R1.B1                                     
          1          1   -0.0007567815701    2.242115514e-05   -9.424247095e-21    5.449449862e-22                  0                  0        25750.20797                450
#segment      39       6       1   12758 BPM.13R1.B1                                     
          1          1   -0.0005142886038    3.571642239e-06     3.03026688e-20    7.537327037e-22                  0                  0        25803.65945                450
#segment      40       6       1   12790 BPM.14R1.B1                                     
          1          1    0.0003524253065    1.692052528e-05    1.151650311e-19    1.634887588e-21                  0                  0        25857.11094                450
#segment      41       6       1   12816 BPM.15R1.B1                                     
          1          1     0.001802952501    2.769946974e-05    4.299701085e-20   -1.512836341e-21                  0                  0        25910.56242                450
#segment      42       6       1   12846 BPM.16R1.B1                                     
          1          1    0.0006659434271   -2.394410954e-05    1.781025984e-20   -4.148715481e-22                  0                  0        25964.01391                450
#segment      43       6       1   12872 BPM.17R1.B1                                     
          1          1    0.0002085947067   -7.725472503e-06   -2.658639507e-20   -8.529802913e-22                  0                  0        26017.46539                450
#segment      44       6       1   12902 BPM.18R1.B1                                     
          1          1    -0.000465187843   -1.286612904e-05   -1.136155611e-19   -1.670980885e-21                  0                  0        26070.91687                450
#segment      45       6       1   12928 BPM.19R1.B1                                     
          1          1    -0.001838273322   -2.639133479e-05   -4.530999339e-20    1.438628141e-21                  0                  0        26124.36836                450
#segment      46       6       1   12958 BPM.20R1.B1                                     
          1          1    -0.000587174332    2.612269903e-05   -2.769466908e-20    2.694983374e-22                  0                  0        26177.81984                450
#segment      47       6       1   12984 BPM.21R1.B1                                     
          1          1    0.0001026755217    1.219425128e-05     2.26444833e-20     9.78139109e-22                  0                  0        26231.27133                450
#segment      48       6       1   13014 BPM.22R1.B1                                     
          1          1    0.0005646126055    8.442837688e-06    1.112061602e-19    1.694426898e-21                  0                  0        26284.72281                450
#segment      49       6       1   13040 BPM.23R1.B1                                     
          1          1     0.001820887532    2.432651269e-05    4.728003463e-20   -1.353531284e-21                  0                  0         26338.1743                450
#segment      50       6       1   13070 BPM.24R1.B1                                     
          1          1    0.0004915698903   -2.755230364e-05    3.736946351e-20   -1.220853534e-22                  0                  0        26391.62578                450
#segment      51       6       1   13096 BPM.25R1.B1                                     
          1          1   -0.0004110018577   -1.631339889e-05   -1.853118045e-20   -1.095894608e-21                  0                  0        26445.07726                450
#segment      52       6       1   13126 BPM.26R1.B1                                     
          1          1   -0.0006478489068   -3.777474958e-06   -1.079550644e-19   -1.705048168e-21                  0                  0        26498.52875                450
#segment      53       6       1   13152 BPM.27R1.B1                                     
          1          1    -0.001751293615   -2.156420562e-05   -4.889222375e-20    1.258189847e-21                  0                  0        26551.98023                450
#segment      54       6       1   13182 BPM.28R1.B1                                     
          1          1   -0.0003818712537    2.819193403e-05   -4.676141674e-20   -2.625166755e-23                  0                  0        26605.43172                450
#segment      55       6       1   13208 end                                             
          1          1    0.0007075440296    1.996481194e-05     1.42776192e-20    1.205355524e-21                  0                  0         26658.8832                450
#segment      56       6       1   12003 BPM.23L1.B1                                     
          1          2    0.0007319049847   -2.066026115e-05   -8.474310153e-20   -1.766832579e-21                  0                  0         24181.2829                450
#segment      57       6       1   12033 BPM.22L1.B1                                     
          1          2    0.0005527384992    -2.41551057e-06   -5.970529211e-20    5.905015172e-22                  0                  0        24234.73141                450
#segment      58       6       1   12059 BPM.21L1.B1                                     
          1          2   -0.0003368939015   -1.741552152e-05   -1.113701783e-19   -1.051580519e-21                  0                  0        24288.17993                450
#segment      59       6       1   12089 BPM.20L1.B1                                     
          1          2    -0.001794376576   -2.781150116e-05   -1.523274619e-20    1.953817163e-21                  0                  0        24341.62844                450
#segment      60       6       1   12115 BPM.19L1.B1                                     
          1          2   -0.0006749398442     2.36050388e-05    7.502907074e-20    1.675110668e-21                  0                  0        24395.07696                450
#segment      61       6       1   12145 BPM.18L1.B1                                     
          1          2   -0.0002493286918     7.11813672e-06    5.837664769e-20    -4.20083903e-22                  0                  0        24448.52547                450
#segment      62       6       1   12171 BPM.17L1.B1                                     
          1          2    0.0004510189803    1.342416298e-05    1.179144321e-19    1.197688542e-21                  0                  0        24501.97399                450
#segment      63       6       1   12201 BPM.16L1.B1                                     
          1          2      0.00183653538    2.660790069e-05    2.032452715e-20   -1.990458103e-21                  0                  0        24555.42251                450
#segment      64       6       1   12227 BPM.15L1.B1                                     
          1          2    0.0005986773786   -2.587492058e-05   -6.474423111e-20   -1.570644791e-21                  0                  0        24608.87102                450
#segment      65       6       1   12257 BPM.14L1.B1                                     
          1          2    -6.12097165e-05   -1.161724696e-05   -5.660388334e-20    2.464703595e-22                  0                  0        24662.31954                450
#segment      66       6       1   12285 BPM.13L1.B1                                     
          1          2   -0.0005522488952   -9.048991803e-06   -1.235616122e-19   -1.334684748e-21                  0                  0        24715.76805                450
#segment      67       6       1   12315 BPM.12L1.B1                                     
          1          2    -0.001871781675   -2.551078707e-05   -1.609051518e-20    2.185556532e-21                  0                  0        24769.21657                450
#segment      68       6       1   12343 BPM.11L1.B1                                     
          1          2   -0.0005431945923    2.761464173e-05    8.634536524e-20    1.902689379e-21                  0                  0        24822.66509                450
#segment      69       6       1   12367 BPM.10L1.B1                                     
          1          2    0.0002146113959    1.363852039e-05    5.464441196e-20   -7.393162416e-22                  0                  0         24875.4458                450
#segment      70       6       1   12385 BPM.9L1.B1                                      
          1          2    0.0004313302738     4.82085517e-06    9.372417895e-20    1.153080098e-21                  0                  0        24914.51081                450
#segment      71       6       1   12405 BPM.8L1.B1                                      
          1          2     0.001266846803    2.237574051e-05    1.067497768e-20   -2.391415177e-21                  0                  0        24954.97382                450
#segment      72       6       1   12425 BPMR.7L1.B1                                     
          1          2     0.000608202524   -2.029853789e-05   -7.870640063e-20   -2.282926846e-21                  0                  0        24994.03983                450
#segment      73       6       1   12439 BPM.6L1.B1                                      
          1          2     0.000293239999   -1.331988391e-05   -9.099288713e-20   -2.015176299e-21                  0                  0        25037.22383                450
#segment      74       6       1   12445 BPMR.5L1.B1                                     
          1          2   -0.0001388850048   -1.586003759e-05   -1.425446081e-19    2.033128208e-21                  0                  0        25069.12383                450
#segment      75       6       1   12449 BPMYA.4L1.B1                                    
          1          2   -0.0004738172786   -1.586003759e-05   -9.960900661e-20    2.033128208e-21                  0                  0        25090.24183                450
#segment      76       6       1   12461 BPMWB.4L1.B1                                    
          1          2   -0.0006483584068   -7.148007955e-06   -8.656924854e-20    4.129950417e-22                  0                  0        25111.37433                450
#segment      77       6       1   12487 BPMSY.4L1.B1                                    
          1          2    -0.001311550584   -7.148007955e-06   -4.825152107e-20    4.129984097e-22                  0                  0        25204.15433                450
#segment      78       6       1   12513 BPMS.2L1.B1                                     
          1          2    -0.001722114929    0.0001031639948   -5.795819572e-21    1.227434359e-21                  0                  0        25230.93983                450
#segment      79       6       1   12520 BPMSW.1L1.B1                                    
          1          2    -0.001015452606    3.509844321e-05    6.552631083e-21    1.179828857e-21                  0                  0        25240.99383                450
#segment      80       6       1   12533 BPMSW.1R1.B1                                    
          1          2    0.0004920255296    3.509844321e-05    5.722628051e-20    1.179828857e-21                  0                  0        25283.94383                450
#segment      81       6       1   12540 BPMS.2R1.B1                                     
          1          2    0.0006656151825    1.122511916e-06    8.804812963e-20    4.803920796e-21                  0                  0        25293.99783                450
#segment      82       6       1   12566 BPMSY.4R1.B1                                    
          1          2      0.00154838886    -3.54415628e-06     5.64691435e-20   -9.257248406e-22                  0                  0        25320.78333                450
#segment      83       6       1   12590 BPMWB.4R1.B1                                    
          1          2     0.001219562041    -3.54415628e-06   -2.941982702e-20   -9.257275783e-22                  0                  0        25413.56333                450
#segment      84       6       1   12602 BPMYA.4R1.B1                                    
          1          2     0.001197647678    1.630874272e-05   -4.689293689e-20   -1.409189162e-22                  0                  0        25434.69583                450
#segment      85       6       1   12610 BPM.5R1.B1                                      
          1          2     0.001508155344   -2.699600715e-05   -5.520462219e-20   -1.569985435e-21                  0                  0        25462.10383                450
#segment      86       6       1   12616 BPMR.6R1.B1                                     
          1          2    0.0007056920326   -8.592987312e-06   -9.767906306e-20      8.5456659e-22                  0                  0        25494.00383                450
#segment      87       6       1   12620 BPM_A.7R1.B1                                    
          1          2    0.0004674600524   -8.592987312e-06   -7.398705892e-20      8.5456659e-22                  0                  0        25521.72783                450
#segment      88       6       1   12642 BPM.8R1.B1                                      
          1          2   -0.0003178351815   -2.010918111e-05   -1.134314186e-19   -1.163074185e-21                  0                  0        25563.16682                450
#segment      89       6       1   12660 BPM.9R1.B1                                      
          1          2    -0.001562229944   -3.292449047e-05   -2.431264303e-20    2.581461472e-21                  0                  0        25602.23381                450
#segment      90       6       1   12680 BPM.10R1.B1                                     
          1          2    -0.000614263332    2.943159389e-05    5.876789427e-20    2.004832254e-21                  0                  0         25642.6988                450
#segment      91       6       1   12700 BPM.11R1.B1                                     
          1          2   -3.237643986e-06    1.047211775e-05    5.378855586e-20   -2.285706323e-22                  0                  0        25695.48149                450
#segment      92       6       1   12732 BPM.12R1.B1                                     
          1          2    0.0005354669565    9.806677903e-06     1.20766918e-19     1.29590957e-21                  0                  0        25750.20797                450
#segment      93       6       1   12758 BPM.13R1.B1                                     
          1          2     0.001832265001    2.505034263e-05    2.376333532e-20   -1.983755817e-21                  0                  0        25803.65945                450
#segment      94       6       1   12790 BPM.14R1.B1                                     
          1          2    0.0006198796705   -2.536313654e-05   -5.729509927e-20   -1.490863533e-21                  0                  0        25857.11094                450
#segment      95       6       1   12816 BPM.15R1.B1                                     
          1          2    1.827204701e-05   -1.049454979e-05   -5.511454296e-20    1.245431932e-22                  0                  0        25910.56242                450
#segment      96       6       1   12846 BPM.16R1.B1                                     
          1          2   -0.0005278002915   -1.019544984e-05   -1.269373802e-19   -1.423987707e-21                  0                  0        25964.01391                450
#segment      97       6       1   12872 BPM.17R1.B1                                     
          1          2    -0.001833895145   -2.521441879e-05   -2.857581609e-20    2.017937761e-21                  0                  0        26017.46539                450
#segment      98       6       1   12902 BPM.18R1.B1                                     
          1          2   -0.0005305085659    2.708950659e-05    4.625170872e-20    1.366978415e-21                  0                  0        26070.91687                450
#segment      99       6       1   12928 BPM.19R1.B1                                     
          1          2    0.0002922568356    1.476404432e-05    5.262848332e-20    5.101482423e-23                  0                  0        26124.36836                450
#segment     100       6       1   12958 BPM.20R1.B1                                     
          1          2    0.0006176299814     5.60845138e-06      1.3096122e-19     1.54291309e-21                  0                  0        26177.81984                450
#segment     101       6       1   12984 BPM.21R1.B1                                     
          1          2     0.001784408025    2.271446006e-05    3.315442717e-20   -2.013499537e-21                  0                  0        26231.27133                450
#segment     102       6       1   13014 BPM.22R1.B1                                     
          1          2    0.0004259268244   -2.803917165e-05   -3.485824923e-20   -1.232746939e-21                  0                  0        26284.72281                450
#segment     103       6       1   13040 BPM.23R1.B1                                     
          1          2   -0.0005944061878   -1.861022709e-05   -4.974409035e-20   -2.261867218e-22                  0                  0         26338.1743                450
#segment     104       6       1   13070 BPM.24R1.B1                                     
          1          2   -0.0006897511063    -8.60648505e-07   -1.339938433e-19   -1.650160505e-21                  0                  0        26391.62578                450
#segment     105       6       1   13096 BPM.25R1.B1                                     
          1          2    -0.001683758711   -1.956323681e-05   -3.748209974e-20     1.99382158e-21                  0                  0        26445.07726                450
#segment     106       6       1   13126 BPM.26R1.B1                                     
          1          2    -0.000309132993    2.818490311e-05    2.320095537e-20    1.089185075e-21                  0                  0        26498.52875                450
#segment     107       6       1   13152 BPM.27R1.B1                                     
          1          2    0.0008795128431    2.192282109e-05    4.648319537e-20    3.996466621e-22                  0                  0        26551.98023                450
#segment     108       6       1   13182 BPM.28R1.B1                                     
          1          2    0.0007420958236   -3.911830714e-06    1.360122969e-19    1.744918221e-21                  0                  0        26605.43172                450
#segment     109       6       1   13208 end                                             
          1          2     0.001534832999    1.585110029e-05    4.152607858e-20   -1.959052829e-21                  0                  0         26658.8832                450
#segment     110       6       1   12003 BPM.23L1.B1                                     
          1          3   -0.0004082628367   -1.501900412e-05   -1.793602451e-19   -1.817670215e-21                  0                  0         24181.2829                450
#segment     111       6       1   12033 BPM.22L1.B1                                     
          1          3    -0.001826432037   -2.716571207e-05   -3.070968287e-20    3.031534068e-21                  0                  0        24234.73141                450
#segment     112       6       1   12059 BPM.21L1.B1                                     
          1          3     -0.00063031601    2.508213634e-05    9.920424551e-20    2.399078179e-21                  0                  0        24288.17993                450
#segment     113       6       1   12089 BPM.20L1.B1                                     
          1          3   -5.910513417e-05    9.910683486e-06    8.635592837e-20   -3.846438581e-22                  0                  0        24341.62844                450
#segment     114       6       1   12115 BPM.19L1.B1                                     
          1          3    0.0005148425043    1.077788425e-05    1.880131278e-19     2.02692479e-21                  0                  0        24395.07696                450
#segment     115       6       1   12145 BPM.18L1.B1                                     
          1          3     0.001836426081    2.548992193e-05    3.824189805e-20   -3.065083823e-21                  0                  0        24448.52547                450
#segment     116       6       1   12171 BPM.17L1.B1                                     
          1          3     0.000543261672   -2.690456081e-05   -8.280519381e-20   -2.222283905e-21                  0                  0        24501.97399                450
#segment     117       6       1   12201 BPM.16L1.B1                                     
          1          3   -0.0002514147928   -1.422075552e-05   -8.302035882e-20    1.172983345e-22                  0                  0        24555.42251                450
#segment     118       6       1   12227 BPM.15L1.B1                                     
          1          3   -0.0006067022184    -6.22861197e-06   -1.952356376e-19   -2.220758854e-21                  0                  0        24608.87102                450
#segment     119       6       1   12257 BPM.14L1.B1                                     
          1          3    -0.001793914539    -2.30853449e-05   -4.548317515e-20    3.075314925e-21                  0                  0        24662.31954                450
#segment     120       6       1   12285 BPM.13L1.B1                                     
          1          3   -0.0004406748428     2.79577522e-05     6.57761738e-20    2.028582861e-21                  0                  0        24715.76805                450
#segment     121       6       1   12315 BPM.12L1.B1                                     
          1          3    0.0005205245534     1.74733476e-05     7.40978745e-20    5.714044049e-23                  0                  0        24769.21657                450
#segment     122       6       1   12343 BPM.11L1.B1                                     
          1          3    0.0006659745121      1.9084381e-06    1.829792249e-19    2.145895317e-21                  0                  0        24822.66509                450
#segment     123       6       1   12367 BPM.10L1.B1                                     
          1          3     0.001770315563    2.198011932e-05    2.374435231e-20   -3.301693468e-21                  0                  0         24875.4458                450
#segment     124       6       1   12385 BPM.9L1.B1                                      
          1          3    0.0003692414171   -4.091352378e-05   -8.754073334e-20     -2.8147058e-21                  0                  0        24914.51081                450
#segment     125       6       1   12405 BPM.8L1.B1                                      
          1          3   -0.0009781432215   -3.261166198e-05   -7.142435331e-20    7.438675805e-22                  0                  0        24954.97382                450
#segment     126       6       1   12425 BPMR.7L1.B1                                     
          1          3    -0.001013782942    1.892479244e-06   -1.257696086e-19   -1.578757281e-21                  0                  0        24994.03983                450
#segment     127       6       1   12439 BPM.6L1.B1                                      
          1          3    -0.001910416849    2.052663297e-05   -5.958759246e-20    4.702016828e-22                  0                  0        25037.22383                450
#segment     128       6       1   12445 BPMR.5L1.B1                                     
          1          3    -0.001373699431    -1.69897665e-05   -4.059344995e-20    1.721539693e-21                  0                  0        25069.12383                450
#segment     129       6       1   12449 BPMYA.4L1.B1                                    
          1          3     -0.00173248932    -1.69897665e-05   -4.237974714e-21    1.721539693e-21                  0                  0        25090.24183                450
#segment     130       6       1   12461 BPMWB.4L1.B1                                    
          1          3    -0.001537811465    1.300979849e-05     3.22258737e-20    1.727580974e-21                  0                  0        25111.37433                450
#segment     131       6       1   12487 BPMSY.4L1.B1                                    
          1          3   -0.0003307623629    1.300979849e-05    1.925106982e-19     1.72757042e-21                  0                  0        25204.15433                450
#segment     132       6       1   12513 BPMS.2L1.B1                                     
          1          3   -0.0001010753286    1.733602965e-05    1.195025376e-19    2.792183562e-21                  0                  0        25230.93983                450
#segment     133       6       1   12520 BPMSW.1L1.B1                                    
          1          3    6.763938338e-05    1.679375644e-05    1.149802335e-19   -4.152151222e-21                  0                  0        25240.99383                450
#segment     134       6       1   12533 BPMSW.1R1.B1                                    
          1          3    0.0007889312226    1.679375644e-05   -6.335466144e-20   -4.152151222e-21                  0                  0        25283.94383                450
#segment     135       6       1   12540 BPMS.2R1.B1                                     
          1          3    0.0007158685667   -2.797972507e-05    -1.29576897e-19    -8.91945878e-21                  0                  0        25293.99783                450
#segment     136       6       1   12566 BPMSY.4R1.B1                                    
          1          3    0.0008318877578   -1.445091837e-05    -1.24715546e-19   -8.396131205e-22                  0                  0        25320.78333                450
#segment     137       6       1   12590 BPMWB.4R1.B1                                    
          1          3   -0.0005088684471   -1.445091837e-05    -2.02614181e-19     -8.3960461e-22                  0                  0        25413.56333                450
#segment     138       6       1   12602 BPMYA.4R1.B1                                    
          1          3   -0.0008495769894   -2.779017064e-05   -2.104995859e-19    2.840537362e-21                  0                  0        25434.69583                450
#segment     139       6       1   12610 BPM.5R1.B1                                      
          1          3    -0.001481351387    1.363471735e-05   -1.453447881e-19   -1.183319169e-21                  0                  0        25462.10383                450
#segment     140       6       1   12616 BPMR.6R1.B1                                     
          1          3     -0.00113249313   -1.373942352e-05   -1.694187707e-19     3.14954018e-21                  0                  0        25494.00383                450
#segment     141       6       1   12620 BPM_A.7R1.B1                                    
          1          3    -0.001513404907   -1.373942352e-05   -8.210091878e-20     3.14954018e-21                  0                  0        25521.72783                450
#segment     142       6       1   12642 BPM.8R1.B1                                      
          1          3   -0.0005165850574     2.84398923e-05   -2.494044792e-20    1.180069184e-21                  0                  0        25563.16682                450
#segment     143       6       1   12660 BPM.9R1.B1                                      
          1          3     7.51097183e-05    1.401858292e-05     4.55952571e-20     1.85755671e-21                  0                  0        25602.23381                450
#segment     144       6       1   12680 BPM.10R1.B1                                     
          1          3    0.0004679357713    9.206483484e-06    1.974029769e-19    3.962968987e-21                  0                  0         25642.6988                450
#segment     145       6       1   12700 BPM.11R1.B1                                     
          1          3     0.001846730858    2.721664581e-05    4.921439138e-20   -3.236998549e-21                  0                  0        25695.48149                450
#segment     146       6       1   12732 BPM.12R1.B1                                     
          1          3    0.0005561040698   -2.609641388e-05    -6.67390503e-20   -2.064740003e-21                  0                  0        25750.20797                450
#segment     147       6       1   12758 BPM.13R1.B1                                     
          1          3   -0.0001723912294   -1.295978483e-05   -8.025554342e-20    -1.53897234e-22                  0                  0        25803.65945                450
#segment     148       6       1   12790 BPM.14R1.B1                                     
          1          3   -0.0005847382462   -7.415156593e-06   -1.993948243e-19    -2.34585438e-21                  0                  0        25857.11094                450
#segment     149       6       1   12816 BPM.15R1.B1                                     
          1          3    -0.001809800335   -2.376641656e-05   -5.031467669e-20    3.068715699e-21                  0                  0        25910.56242                450
#segment     150       6       1   12846 BPM.16R1.B1                                     
          1          3   -0.0004681391707    2.776506874e-05    5.364952561e-20    1.884872505e-21                  0                  0        25964.01391                450
#segment     151       6       1   12872 BPM.17R1.B1                                     
          1          3    0.0004786960572    1.717510609e-05    7.594176893e-20    3.366045431e-22                  0                  0        26017.46539                450
#segment     152       6       1   12902 BPM.18R1.B1                                     
          1          3    0.0006640070823     2.71376688e-06    2.040622648e-19     2.50983589e-21                  0                  0        26070.91687                450
#segment     153       6       1   12928 BPM.19R1.B1                                     
          1          3     0.001728743928    2.085819876e-05    5.692151395e-20   -3.039431532e-21                  0                  0        26124.36836                450
#segment     154       6       1   12958 BPM.20R1.B1                                     
          1          3    0.0003557045106    -2.82245841e-05   -3.589636824e-20   -1.666519976e-21                  0                  0        26177.81984                450
#segment     155       6       1   12984 BPM.21R1.B1                                     
          1          3    -0.000771419947   -2.070697277e-05   -7.098966965e-20   -6.010312188e-22                  0                  0        26231.27133                450
#segment     156       6       1   13014 BPM.22R1.B1                                     
          1          3   -0.0007242376382    2.065431422e-06   -2.071852031e-19   -2.654821007e-21                  0                  0        26284.72281                450
#segment     157       6       1   13040 BPM.23R1.B1                                     
          1          3    -0.001598121316    -1.73519388e-05   -6.309752488e-20    2.987142581e-21                  0                  0         26338.1743                450
#segment     158       6       1   13070 BPM.24R1.B1                                     
          1          3   -0.0002330711609    2.787484976e-05     1.78715192e-20    1.435553927e-21                  0                  0        26391.62578                450
#segment     159       6       1   13096 BPM.25R1.B1                                     
          1          3     0.001042025836    2.364513321e-05    6.550026527e-20    8.609088222e-22                  0                  0        26445.07726                450
#segment     160       6       1   13126 BPM.26R1.B1                                     
          1          3    0.0007637029955   -6.785410081e-06    2.087400026e-19    2.779712372e-21                  0                  0        26498.52875                450
#segment     161       6       1   13152 BPM.27R1.B1                                     
          1          3     0.001421677685    1.334816748e-05    6.879596461e-20   -2.912244609e-21                  0                  0        26551.98023                450
#segment     162       6       1   13182 BPM.28R1.B1                                     
          1          3    0.0001037552409   -2.672589323e-05    2.885954014e-22   -1.193722487e-21                  0                  0        26605.43172                450
#segment     163       6       1   13208 end                                             
          1          3    -0.001282754966   -2.590534505e-05    -5.95151039e-20   -1.114270397e-21                  0                  0         26658.8832                450
#segment     164       6       1   12003 BPM.23L1.B1                                     
          1          4   -0.0005788999028    2.628894873e-05    4.555572518e-21     7.34189878e-22                  0                  0         24181.2829                450
#segment     165       6       1   12033 BPM.22L1.B1                                     
          1          4    0.0001317553081    1.259643234e-05     3.50252387e-20    5.608570976e-22                  0                  0        24234.73141                450
#segment     166       6       1   12059 BPM.21L1.B1                                     
          1          4    0.0005731180789    8.015463564e-06    1.173814591e-19    1.594723576e-21                  0                  0        24288.17993                450
#segment     167       6       1   12089 BPM.20L1.B1                                     
          1          4     0.001816527468    2.409726415e-05     4.02638984e-20   -1.608357548e-21                  0                  0        24341.62844                450
#segment     168       6       1   12115 BPM.19L1.B1                                     
          1          4     0.000481991791   -2.764427753e-05     5.68277966e-21   -5.950934506e-22                  0                  0        24395.07696                450
#segment     169       6       1   12145 BPM.18L1.B1                                     
          1          4   -0.0004389105934    -1.66710209e-05   -3.151330441e-20   -7.011427196e-22                  0                  0        24448.52547                450
#segment     170       6       1   12171 BPM.17L1.B1                                     
          1          4   -0.0006546177141   -3.341113133e-06   -1.168857905e-19   -1.646629357e-21                  0                  0        24501.97399                450
#segment     171       6       1   12201 BPM.16L1.B1                                     
          1          4      -0.0017423124   -2.127837356e-05   -4.301258044e-20    1.547201841e-21                  0                  0        24555.42251                450
#segment     172       6       1   12227 BPM.15L1.B1                                     
          1          4   -0.0003713029661    2.820922388e-05   -1.587789818e-20    4.514696501e-22                  0                  0        24608.87102                450
#segment     173       6       1   12257 BPM.14L1.B1                                     
          1          4    0.0007335169078    2.026896534e-05    2.776162207e-20    8.360941631e-22                  0                  0        24662.31954                450
#segment     174       6       1   12285 BPM.13L1.B1                                     
          1          4    0.0007174010579   -1.428763657e-06    1.155008741e-19    1.686007853e-21                  0                  0        24715.76805                450
#segment     175       6       1   12315 BPM.12L1.B1                                     
          1          4     0.001676704155    1.896228267e-05    3.683681998e-20   -1.637011543e-21                  0                  0        24769.21657                450
#segment     176       6       1   12343 BPM.11L1.B1                                     
          1          4    0.0002936066415   -2.832986903e-05   -4.565953061e-21   -7.279624524e-22                  0                  0        24822.66509                450
#segment     177       6       1   12367 BPM.10L1.B1                                     
          1          4   -0.0008780743747   -2.187603224e-05    -3.35072258e-20   -5.379535827e-22                  0                  0         24875.4458                450
#segment     178       6       1   12385 BPM.9L1.B1                                      
          1          4   -0.0005697112582    1.051234809e-05   -1.001316482e-19   -1.809868127e-21                  0                  0        24914.51081                450
#segment     179       6       1   12405 BPM.8L1.B1                                      
          1          4   -0.0009002670646   -1.015383451e-05   -3.184420633e-20    2.059407105e-21                  0                  0        24954.97382                450
#segment     180       6       1   12425 BPMR.7L1.B1                                     
          1          4   -0.0002282660513     1.95892915e-05    1.780570688e-20     1.20470151e-21                  0                  0        24994.03983                450
#segment     181       6       1   12439 BPM.6L1.B1                                      
          1          4    0.0004227288824    5.627096618e-06    4.912737161e-20     1.68330639e-21                  0                  0        25037.22383                450
#segment     182       6       1   12445 BPMR.5L1.B1                                     
          1          4    0.0006537077492     2.22273098e-05    9.450602256e-20   -9.679374665e-22                  0                  0        25069.12383                450
#segment     183       6       1   12449 BPMYA.4L1.B1                                    
          1          4     0.001123104078     2.22273098e-05    7.406511915e-20   -9.679374665e-22                  0                  0        25090.24183                450
#segment     184       6       1   12461 BPMWB.4L1.B1                                    
          1          4     0.001224685586    2.272312435e-06    7.631261768e-20    2.616617459e-22                  0                  0        25111.37433                450
#segment     185       6       1   12487 BPMSY.4L1.B1                                    
          1          4     0.001435510734    2.272312435e-06    1.005895125e-19    2.616556838e-22                  0                  0        25204.15433                450
#segment     186       6       1   12513 BPMS.2L1.B1                                     
          1          4     0.001759995034   -0.0001096610364    4.413798481e-20   -1.360576319e-24                  0                  0        25230.93983                450
#segment     187       6       1   12520 BPMSW.1L1.B1                                    
          1          4    0.0009901033252   -4.139225653e-05    3.327733518e-20   -2.274969078e-21                  0                  0        25240.99383                450
#segment     188       6       1   12533 BPMSW.1R1.B1                                    
          1          4   -0.0007876940928   -4.139225653e-05   -6.443258672e-20   -2.274969078e-21                  0                  0        25283.94383                450
#segment     189       6       1   12540 BPMS.2R1.B1                                     
          1          4   -0.0009339019792     9.36347834e-06   -1.098120441e-19    -6.60657936e-21                  0                  0        25293.99783                450
#segment     190       6       1   12566 BPMSY.4R1.B1                                    
          1          4    -0.001860156288    8.959941776e-06   -8.426747315e-20    4.221756915e-22                  0                  0        25320.78333                450
#segment     191       6       1   12590 BPMWB.4R1.B1                                    
          1          4    -0.001028852891    8.959941776e-06   -4.509762299e-20    4.221805965e-22                  0                  0        25413.56333                450
#segment     192       6       1   12602 BPMYA.4R1.B1                                    
          1          4   -0.0008792508386   -5.893791971e-06   -3.448076472e-20     1.05153579e-21                  0                  0        25434.69583                450
#segment     193       6       1   12610 BPM.5R1.B1                                      
          1          4    -0.000952987766    2.188611015e-05   -6.512495527e-21    7.960215752e-22                  0                  0        25462.10383                450
#segment     194       6       1   12616 BPMR.6R1.B1                                     
          1          4   -0.0002812664212    1.374212515e-05    1.766379584e-20    4.000212782e-22                  0                  0        25494.00383                450
#segment     195       6       1   12620 BPM_A.7R1.B1                                    
          1          4    9.972025655e-05    1.374212515e-05    2.875398576e-20    4.000212782e-22                  0                  0        25521.72783                450
#segment     196       6       1   12642 BPM.8R1.B1                                      
          1          4    0.0005114362931    9.450733506e-06     7.76528642e-20    1.273762041e-21                  0                  0        25563.16682                450
#segment     197       6       1   12660 BPM.9R1.B1                                      
          1          4     0.001534080998    2.767073178e-05    3.358685688e-20   -1.338175514e-21                  0                  0        25602.23381                450
#segment     198       6       1   12680 BPM.10R1.B1                                     
          1          4    0.0004388945632   -3.288191714e-05    2.112707903e-20   -2.009999526e-22                  0                  0         25642.6988                450
#segment     199       6       1   12700 BPM.11R1.B1                                     
          1          4   -0.0006888635732   -2.067212801e-05   -2.438742317e-20   -9.034327827e-22                  0                  0        25695.48149                450
#segment     200       6       1   12732 BPM.12R1.B1                                     
          1          4   -0.0007438786489   -2.649811539e-08   -1.137035604e-19   -1.668653376e-21                  0                  0        25750.20797                450
#segment     201       6       1   12758 BPM.13R1.B1                                     
          1          4    -0.001767657763   -2.019339078e-05   -4.469862204e-20     1.45192405e-21                  0                  0        25803.65945                450
#segment     202       6       1   12790 BPM.14R1.B1                                     
          1          4   -0.0004007367184    2.814212238e-05   -2.290551613e-20    3.494119913e-22                  0                  0        25857.11094                450
#segment     203       6       1   12816 BPM.15R1.B1                                     
          1          4    0.0006599886804    1.940151409e-05    2.502618194e-20     9.26284608e-22                  0                  0        25910.56242                450
#segment     204       6       1   12846 BPM.16R1.B1                                     
          1          4    0.0007032452885   -2.100934373e-07    1.140254122e-19    1.705875594e-21                  0                  0        25964.01391                450
#segment     205       6       1   12872 BPM.17R1.B1                                     
          1          4     0.001654493733    1.877768667e-05    4.691032565e-20   -1.417055736e-21                  0                  0        26017.46539                450
#segment     206       6       1   12902 BPM.18R1.B1                                     
          1          4    0.0002816579508   -2.810654779e-05    3.282558189e-20   -2.010029854e-22                  0                  0        26070.91687                450
#segment     207       6       1   12928 BPM.19R1.B1                                     
          1          4   -0.0009401399701   -2.258109286e-05    -2.09450433e-20   -1.049566654e-21                  0                  0        26124.36836                450
#segment     208       6       1   12958 BPM.20R1.B1                                     
          1          4   -0.0007509377256    4.969304945e-06   -1.111696283e-19   -1.723362598e-21                  0                  0        26177.81984                450
#segment     209       6       1   12984 BPM.21R1.B1                                     
          1          4    -0.001495302181   -1.495408664e-05   -4.873251776e-20    1.325744772e-21                  0                  0        26231.27133                450
#segment     210       6       1   13014 BPM.22R1.B1                                     
          1          4   -0.0001545035421     2.72651078e-05    -4.24971981e-20    5.107263231e-23                  0                  0        26284.72281                450
#segment     211       6       1   13040 BPM.23R1.B1                                     
          1          4     0.001193335752    2.511323098e-05    1.670537626e-20    1.164904762e-21                  0                  0         26338.1743                450
#segment     212       6       1   13070 BPM.24R1.B1                                     
          1          4    0.0007770994243   -9.586037522e-06    1.074724262e-19    1.727805852e-21                  0                  0        26391.62578                450
#segment     213       6       1   13096 BPM.25R1.B1                                     
          1          4      0.00129323762    1.070172599e-05    5.018586424e-20    -1.22439954e-21                  0                  0        26445.07726                450
#segment     214       6       1   13126 BPM.26R1.B1                                     
          1          4    2.291923833e-05   -2.564192802e-05    5.184716242e-20    9.924427818e-23                  0                  0        26498.52875                450
#segment     215       6       1   13152 BPM.27R1.B1                                     
          1          4    -0.001412316447    -2.69253275e-05   -1.233926993e-20   -1.271425964e-21                  0                  0        26551.98023                450
#segment     216       6       1   13182 BPM.28R1.B1                                     
          1          4   -0.0007809802817    1.392792112e-05    -1.02961789e-19   -1.719171726e-21                  0                  0        26605.43172                450
#segment     217       6       1   13208 end                                             
          1          4    -0.001054093605   -6.142527562e-06   -5.125936502e-20    1.113787099e-21                  0                  0         26658.8832                450
#segment     218       6       1   12003 BPM.23L1.B1                                     
          1          5    0.0006252177468     5.16666785e-06     2.97163946e-19    3.833542224e-21                  0                  0         24181.2829                450
#segment     219       6       1   12033 BPM.22L1.B1                                     
          1          5     0.001777053965     2.24449342e-05    9.179488568e-20    -4.26055536e-21                  0                  0        24234.73141                450
#segment     220       6       1   12059 BPM.21L1.B1                                     
          1          5    0.0004155279599   -2.808609984e-05   -2.110754559e-20   -1.996665266e-21                  0                  0        24288.17993                450
#segment     221       6       1   12089 BPM.20L1.B1                                     
          1          5   -0.0006216767275   -1.894163988e-05   -9.234790605e-20   -1.296007888e-21                  0                  0        24341.62844                450
#segment     222       6       1   12115 BPM.19L1.B1                                     
          1          5   -0.0006954790621   -4.176100118e-07   -2.990050075e-19   -4.007697175e-21                  0                  0        24395.07696                450
#segment     223       6       1   12145 BPM.18L1.B1                                     
          1          5    -0.001671935107   -1.924210633e-05   -9.984973857e-20    4.147513783e-21                  0                  0        24448.52547                450
#segment     224       6       1   12171 BPM.17L1.B1                                     
          1          5     -0.00029792992    2.815671321e-05   -4.972540601e-21    1.647102265e-21                  0                  0        24501.97399                450
#segment     225       6       1   12201 BPM.16L1.B1                                     
          1          5    0.0009043829976     2.21952734e-05    8.363872151e-20      1.6577661e-21                  0                  0        24555.42251                450
#segment     226       6       1   12227 BPM.15L1.B1                                     
          1          5    0.0007458558118   -4.343387788e-06     2.98571288e-19    4.151362223e-21                  0                  0        24608.87102                450
#segment     227       6       1   12257 BPM.14L1.B1                                     
          1          5     0.001519013656    1.548912398e-05    1.071449511e-19   -4.002918604e-21                  0                  0        24662.31954                450
#segment     228       6       1   12285 BPM.13L1.B1                                     
          1          5    0.0001718137127   -2.742229298e-05    3.101479652e-20   -1.285008381e-21                  0                  0        24715.76805                450
#segment     229       6       1   12315 BPM.12L1.B1                                     
          1          5    -0.001148904689   -2.457986172e-05   -7.650531329e-20   -2.048784362e-21                  0                  0        24769.21657                450
#segment     230       6       1   12343 BPM.11L1.B1                                     
          1          5   -0.0007760097742    8.708775965e-06   -3.030624506e-19   -4.359944762e-21                  0                  0        24822.66509                450
#segment     231       6       1   12367 BPM.10L1.B1                                     
          1          5    -0.001441238729   -1.378161629e-05   -7.865242711e-20    4.727321433e-21                  0                  0         24875.4458                450
#segment     232       6       1   12385 BPM.9L1.B1                                      
          1          5   -0.0001557301447    3.697380031e-05    2.274689792e-20    2.415616555e-21                  0                  0        24914.51081                450
#segment     233       6       1   12405 BPM.8L1.B1                                      
          1          5     0.001315537232    3.641702496e-05    7.812196766e-20    1.250646537e-21                  0                  0        24954.97382                450
#segment     234       6       1   12425 BPMR.7L1.B1                                     
          1          5     0.001099330444   -9.233978107e-06    2.258320974e-19    4.007113428e-21                  0                  0        24994.03983                450
#segment     235       6       1   12439 BPM.6L1.B1                                      
          1          5     0.001751990312   -2.263550574e-05    1.556122317e-19    1.246398502e-21                  0                  0        25037.22383                450
#segment     236       6       1   12445 BPMR.5L1.B1                                     
          1          5     0.001128708708    8.659614817e-06    1.789360771e-19    -3.95646441e-21                  0                  0        25069.12383                450
#segment     237       6       1   12449 BPMYA.4L1.B1                                    
          1          5     0.001311582453    8.659614817e-06    9.538346169e-20    -3.95646441e-21                  0                  0        25090.24183                450
#segment     238       6       1   12461 BPMWB.4L1.B1                                    
          1          5     0.001078834792   -1.386139535e-05    3.876194631e-20   -2.497205166e-21                  0                  0        25111.37433                450
#segment     239       6       1   12487 BPMSY.4L1.B1                                    
          1          5   -0.0002072254668   -1.386139535e-05   -1.929286221e-19   -2.497195244e-21                  0                  0        25204.15433                450
#segment     240       6       1   12513 BPMS.2L1.B1                                     
          1          5   -0.0005585198149    2.376174941e-05   -1.416306919e-19   -4.542982267e-21                  0                  0        25230.93983                450
#segment     241       6       1   12520 BPMSW.1L1.B1                                    
          1          5   -0.0004387014218   -1.281138021e-06   -1.472513253e-19    4.035221853e-21                  0                  0        25240.99383                450
#segment     242       6       1   12533 BPMSW.1R1.B1                                    
          1          5   -0.0004937262998   -1.281138021e-06     2.60614533e-20    4.035221853e-21                  0                  0        25283.94383                450
#segment     243       6       1   12540 BPMS.2R1.B1                                     
          1          5   -0.0003658691643     2.44705647e-05    7.955094109e-20    6.613758925e-21                  0                  0        25293.99783                450
#segment     244       6       1   12566 BPMSY.4R1.B1                                    
          1          5   -0.0001347550784    1.109299181e-05    1.021640015e-19     1.86999346e-21                  0                  0        25320.78333                450
#segment     245       6       1   12590 BPMWB.4R1.B1                                    
          1          5    0.0008944527001    1.109299181e-05    2.756613698e-19    1.869985478e-21                  0                  0        25413.56333                450
#segment     246       6       1   12602 BPMYA.4R1.B1                                    
          1          5     0.001179094728     2.99989931e-05    3.011712907e-19   -3.363661174e-21                  0                  0        25434.69583                450
#segment     247       6       1   12610 BPM.5R1.B1                                      
          1          5      0.00183850359   -2.183699729e-05      2.2861562e-19    2.875674251e-21                  0                  0        25462.10383                450
#segment     248       6       1   12616 BPMR.6R1.B1                                     
          1          5     0.001237903635    8.589273187e-06    2.966558788e-19   -4.644648214e-21                  0                  0        25494.00383                450
#segment     249       6       1   12620 BPM_A.7R1.B1                                    
          1          5     0.001476032645    8.589273187e-06    1.678876517e-19   -4.644648214e-21                  0                  0        25521.72783                450
#segment     250       6       1   12642 BPM.8R1.B1                                      
          1          5    0.0003249135534   -3.198175339e-05    1.333415924e-19   -3.974782266e-22                  0                  0        25563.16682                450
#segment     251       6       1   12660 BPM.9R1.B1                                      
          1          5    -0.000650038827   -2.438877144e-05   -3.403008189e-20   -4.620038126e-21                  0                  0        25602.23381                450
#segment     252       6       1   12680 BPM.10R1.B1                                     
          1          5   -0.0006324207368     3.11670632e-06   -2.958248142e-19   -6.685732933e-21                  0                  0         25642.6988                450
#segment     253       6       1   12700 BPM.11R1.B1                                     
          1          5     -0.00158856475    -1.94693312e-05   -1.091822177e-19    4.185435507e-21                  0                  0        25695.48149                450
#segment     254       6       1   12732 BPM.12R1.B1                                     
          1          5   -0.0002773199058     2.61063446e-05   -2.730135077e-20    1.364550855e-21                  0                  0        25750.20797                450
#segment     255       6       1   12758 BPM.13R1.B1                                     
          1          5    0.0008348581418     2.05276826e-05    7.712745025e-20    1.985018276e-21                  0                  0        25803.65945                450
#segment     256       6       1   12790 BPM.14R1.B1                                     
          1          5    0.0007349227571   -3.131695469e-06    2.969396426e-19    4.232889111e-21                  0                  0        25857.11094                450
#segment     257       6       1   12816 BPM.15R1.B1                                     
          1          5     0.001562455701    1.649529123e-05    1.117349488e-19   -3.884428662e-21                  0                  0        25910.56242                450
#segment     258       6       1   12846 BPM.16R1.B1                                     
          1          5    0.0002045832128    -2.76863318e-05    4.897539197e-20   -1.027532841e-21                  0                  0        25964.01391                450
#segment     259       6       1   12872 BPM.17R1.B1                                     
          1          5     -0.00109875237   -2.421243898e-05   -6.746882522e-20   -2.240523689e-21                  0                  0        26017.46539                450
#segment     260       6       1   12902 BPM.18R1.B1                                     
          1          5   -0.0007695643213    7.819752854e-06   -2.926788459e-19   -4.322283161e-21                  0                  0        26070.91687                450
#segment     261       6       1   12928 BPM.19R1.B1                                     
          1          5    -0.001376406707   -1.239545944e-05   -1.176046507e-19    3.689505952e-21                  0                  0        26124.36836                450
#segment     262       6       1   12958 BPM.20R1.B1                                     
          1          5   -7.427480915e-05    2.636223259e-05   -7.443807913e-20    6.514997064e-22                  0                  0        26177.81984                450
#segment     263       6       1   12984 BPM.21R1.B1                                     
          1          5     0.001331815878    2.631133115e-05    5.723737025e-20    2.561506012e-21                  0                  0        26231.27133                450
#segment     264       6       1   13014 BPM.22R1.B1                                     
          1          5    0.0007821410891   -1.228360383e-05    2.862028277e-19    4.378962806e-21                  0                  0        26284.72281                450
#segment     265       6       1   13040 BPM.23R1.B1                                     
          1          5     0.001150893653    7.940227475e-06    1.225842291e-19   -3.466658188e-21                  0                  0         26338.1743                450
#segment     266       6       1   13070 BPM.24R1.B1                                     
          1          5   -5.816318715e-05   -2.428228065e-05    9.933736096e-20   -2.705355144e-22                  0                  0        26391.62578                450
#segment     267       6       1   13096 BPM.25R1.B1                                     
          1          5    -0.001526693825   -2.765583003e-05   -4.657269831e-20   -2.863100864e-21                  0                  0        26445.07726                450
#segment     268       6       1   13126 BPM.26R1.B1                                     
          1          5    -0.000772292462    1.639526174e-05   -2.775606037e-19   -4.402499052e-21                  0                  0        26498.52875                450
#segment     269       6       1   13152 BPM.27R1.B1                                     
          1          5   -0.0008923824019   -3.257334879e-06   -1.266359946e-19    3.217572056e-21                  0                  0        26551.98023                450
#segment     270       6       1   13182 BPM.28R1.B1                                     
          1          5      0.00018893354    2.150611195e-05   -1.234847803e-19   -1.124763011e-22                  0                  0        26605.43172                450
#segment     271       6       1   13208 end                                             
          1          5     0.001677798707    2.820738641e-05    3.555552792e-20    3.143025538e-21                  0                  0         26658.8832                450
